alsa_card.pci-0000:00:1f.3:input:analog-input-internal-mic mute:0 volumes:2,0.024410,0.024410
alsa_card.pci-0000:00:1f.3:output:analog-output-speaker mute:0 volumes:2,0.459723,0.459723
